x <- 12
y <- 345

(x+y)/ (x-y)
